TITLE="plot"
VARIABLES="r", "fi(0)", "fi(pi/6)", "fi(pi/4)", "fi(pi/3)"
9.99999978E-03  0.500036061      0.500019550      0.500002980      0.499986529    
  0.110090084      0.502949953      0.501485288      0.500020623      0.498555869    
  0.210180178      0.507640839      0.503531456      0.499422133      0.495312780    
  0.310270250      0.512114584      0.504989445      0.497864395      0.490739226    
  0.410360336      0.515583515      0.505435526      0.495287597      0.485139549    
  0.510450423      0.517743647      0.504740357      0.491737038      0.478733718    
  0.610540509      0.518513322      0.502906442      0.487299502      0.471692562    
  0.710630596      0.517920136      0.499998063      0.482075989      0.464153916    
  0.810720682      0.516046643      0.496108353      0.476170003      0.456231743    
  0.910810769      0.513002276      0.491342038      0.469681829      0.448021621    
   1.01090086      0.508907735      0.485806435      0.462705165      0.439603776    
   1.11099100      0.503885984      0.479606092      0.455326468      0.431046635    
   1.21108103      0.498056471      0.472840250      0.447623998      0.422407657    
   1.31117117      0.491533309      0.465600967      0.439668596      0.413736105    
   1.41126120      0.484422266      0.457972556      0.431522995      0.405073375    
   1.51135135      0.476821423      0.450032502      0.423243254      0.396454215    
   1.61144137      0.468820125      0.441849530      0.414879113      0.387908369    
   1.71153152      0.460498780      0.433485866      0.406473130      0.379460245    
   1.81162155      0.451930225      0.424996823      0.398063451      0.371130109    
   1.91171169      0.443178505      0.416430831      0.389682740      0.362934768    
   2.01180172      0.434302032      0.407830626      0.381359249      0.354888052    
   2.11189198      0.425350726      0.399234027      0.373117149      0.347000301    
   2.21198201      0.416369677      0.390673369      0.364976853      0.339280486    
   2.31207204      0.407397449      0.382176548      0.356955588      0.331734806    
   2.41216207      0.398467690      0.373767793      0.349067837      0.324367940    
   2.51225233      0.389609396      0.365467429      0.341325194      0.317183137    
   2.61234236      0.380847812      0.357292563      0.333737463      0.310182273    
   2.71243238      0.372203946      0.349257678      0.326311678      0.303365767    
   2.81252241      0.363695085      0.341374576      0.319054186      0.296733856    
   2.91261268      0.355336189      0.333652616      0.311968744      0.290285110    
   3.01270270      0.347139359      0.326098800      0.305058330      0.284017920    
   3.11279273      0.339114249      0.318719536      0.298324943      0.277930170    
   3.21288276      0.331268340      0.311518341      0.291768551      0.272018850    
   3.31297278      0.323607445      0.304498434      0.285389572      0.266280770    
   3.41306305      0.316135347      0.297661036      0.279186934      0.260712802    
   3.51315308      0.308855087      0.291007072      0.273158848      0.255310655    
   3.61324310      0.301768064      0.284535587      0.267303288      0.250070721    
   3.71333313      0.294874638      0.278246015      0.261617601      0.244989172    
   3.81342340      0.288174063      0.272136539      0.256098896      0.240061298    
   3.91351342      0.281665117      0.266204745      0.250743926      0.235283196    
   4.01360369      0.275346279      0.260447592      0.245549157      0.230650589    
   4.11369371      0.269214302      0.254862547      0.240510881      0.226159096    
   4.21378422      0.263266385      0.249445617      0.235624939      0.221804366    
   4.31387377      0.257499367      0.244193718      0.230887845      0.217582151    
   4.41396427      0.251909256      0.239102229      0.226295277      0.213488340    
   4.51405430      0.246492237      0.234167591      0.221843138      0.209518477    
   4.61414433      0.241243809      0.229385480      0.217527211      0.205668867    
   4.71423435      0.236160010      0.224751815      0.213343531      0.201935336    
   4.81432438      0.231235966      0.220262006      0.209288150      0.198314115    
   4.91441441      0.226467699      0.215911984      0.205356464      0.194800958    
   5.01450491      0.221849844      0.211697459      0.201544911      0.191392526    
   5.11459446      0.217378512      0.207614258      0.197849572      0.188085094    
   5.21468496      0.213049024      0.203657776      0.194266587      0.184875205    
   5.31477451      0.208856612      0.199824274      0.190791801      0.181759492    
   5.41486502      0.204797104      0.196109384      0.187421814      0.178734094    
   5.51495504      0.200865820      0.192509502      0.184152961      0.175796524    
   5.61504507      0.197058648      0.189020038      0.180981755      0.172943458    
   5.71513510      0.193370938      0.185637802      0.177904904      0.170171931    
   5.81522560      0.189798683      0.182358786      0.174918696      0.167478487    
   5.91531515      0.186338186      0.179179236      0.172020286      0.164861470    
   6.01540565      0.182985008      0.176095784      0.169206589      0.162317201    
   6.11549520      0.179735661      0.173104912      0.166474164      0.159843579    
   6.21558571      0.176586300      0.170203492      0.163820580      0.157437816    
   6.31567574      0.173533261      0.167388082      0.161242932      0.155097634    
   6.41576576      0.170572966      0.164655462      0.158738151      0.152820840    
   6.51585627      0.167702124      0.162003145      0.156304061      0.150604948    
   6.61594582      0.164917469      0.159427613      0.153938174      0.148448318    
   6.71603632      0.162215531      0.156926528      0.151637420      0.146348432    
   6.81612635      0.159593895      0.154496908      0.149400041      0.144303188    
   6.91621637      0.157048970      0.152136460      0.147223771      0.142310977    
   7.01630640      0.154578373      0.149842247      0.145106107      0.140370026    
   7.11639643      0.152179092      0.147612110      0.143045306      0.138478398    
   7.21648645      0.149848565      0.145443872      0.141039059      0.136634514    
   7.31657696      0.147584423      0.143335104      0.139085680      0.134836435    
   7.41666651      0.145383835      0.141283572      0.137183353      0.133083135    
   7.51675701      0.143244863      0.139287487      0.135330021      0.131372631    
   7.61684704      0.141165107      0.137344658      0.133524150      0.129703790    
   7.71693707      0.139142483      0.135453418      0.131764188      0.128074974    
   7.81702709      0.137174875      0.133611605      0.130048275      0.126485214    
   7.91711712      0.135260254      0.131817654      0.128375471      0.124932863    
   8.01720715      0.133396581      0.130070165      0.126743451      0.123416826    
   8.11729717      0.131582245      0.128366888      0.125151351      0.121935979    
   8.21738720      0.129815400      0.126706645      0.123597868      0.120489143    
   8.31747723      0.128094405      0.125087917      0.122081585      0.119075201    
   8.41756821      0.126417562      0.123509526      0.120601349      0.117693007    
   8.51765728      0.124783300      0.121969491      0.119155586      0.116341844    
   8.61774731      0.123190314      0.120466962      0.117743649      0.115020357    
   8.71783829      0.121636704      0.119000420      0.116364308      0.113727815    
   8.81792831      0.120121740      0.117569171      0.115016386      0.112463608    
   8.91801739      0.118643798      0.116171323      0.113698751      0.111226462    
   9.01810837      0.117201366      0.114806093      0.112410858      0.110015526    
   9.11819839      0.115793705      0.113472469      0.111151412      0.108830146    
   9.21828842      0.114419319      0.112169325      0.109919667      0.107669733    
   9.31837749      0.113076858      0.110895894      0.108714432      0.106533334    
   9.41846848      0.111766137      0.109650776      0.107535385      0.105420001    
   9.51855850      0.110485271      0.108433455      0.106381379      0.104329489    
   9.61864853      0.109233640      0.107242748      0.105251998      0.103260972    
   9.71873951      0.108010203      0.106078058      0.104145773      0.102213569    
   9.81882858      0.106814198      0.104938537      0.103062764      0.101187229    
   9.91891861      0.105644278      0.103823140      0.102001958      0.100180820    
   10.0190096      0.104500175      0.102731414      0.100962713       9.91939828E-02
   10.1190996      0.103380799      0.101662509       9.99443457E-02   9.82261598E-02
   10.2191887      0.102285333      0.100615814       9.89462808E-02   9.72767770E-02
   10.3192797      0.101213187       9.95904580E-02   9.79679823E-02   9.63454768E-02
   10.4193697      0.100163460       9.85862091E-02   9.70088243E-02   9.54314917E-02
   10.5194597       9.91356596E-02   9.76020545E-02   9.60682854E-02   9.45345387E-02
   10.6195488       9.81290191E-02   9.66373384E-02   9.51457843E-02   9.36542228E-02
   10.7196398       9.71429497E-02   9.56919044E-02   9.42408592E-02   9.27899554E-02
   10.8197298       9.61767286E-02   9.47650224E-02   9.33530480E-02   9.19412524E-02
   10.9198198       9.52298269E-02   9.38559249E-02   9.24817622E-02   9.11078751E-02
   11.0199099       9.43018198E-02   9.29642618E-02   9.16268080E-02   9.02893320E-02
   11.1199999       9.33919251E-02   9.20897573E-02   9.07875374E-02   8.94852430E-02
   11.2200899       9.24997330E-02   9.12316144E-02   8.99633393E-02   8.86952206E-02
   11.3201809       9.16247070E-02   9.03893858E-02   8.91541541E-02   8.79189149E-02
   11.4202700       9.07663256E-02   8.95629898E-02   8.83594602E-02   8.71559829E-02
   11.5203600       8.99243355E-02   8.87515172E-02   8.75788853E-02   8.64061192E-02
   11.6204510       8.90979022E-02   8.79549459E-02   8.68119597E-02   8.56689960E-02
   11.7205410       8.82869959E-02   8.71726871E-02   8.60584080E-02   8.49441960E-02
   11.8206301       8.74908492E-02   8.64043534E-02   8.53178576E-02   8.42313170E-02
   11.9207201       8.67092386E-02   8.56496841E-02   8.45900103E-02   8.35305527E-02
   12.0208111       8.59416723E-02   8.49081129E-02   8.38745311E-02   8.28410089E-02
   12.1209011       8.51878747E-02   8.41794834E-02   8.31711888E-02   8.21628794E-02
   12.2209902       8.44474286E-02   8.34635645E-02   8.24794769E-02   8.14955607E-02
   12.3210812       8.37200359E-02   8.27597529E-02   8.17993507E-02   8.08390081E-02
   12.4211712       8.30053240E-02   8.20677206E-02   8.11303705E-02   8.01929235E-02
   12.5212612       8.23027417E-02   8.13874975E-02   8.04721415E-02   7.95569718E-02
   12.6213512       8.16124007E-02   8.07185173E-02   7.98247978E-02   7.89309517E-02
   12.7214413       8.09335262E-02   8.00607055E-02   7.91876763E-02   7.83147961E-02
   12.8215313       8.02663192E-02   7.94135705E-02   7.85607770E-02   7.77080283E-02
   12.9216223       7.96101987E-02   7.87770376E-02   7.79436231E-02   7.71105140E-02
   13.0217123       7.89647177E-02   7.81505182E-02   7.73363486E-02   7.65220374E-02
   13.1218014       7.83300176E-02   7.75342137E-02   7.67383873E-02   7.59426430E-02
   13.2218914       7.77055696E-02   7.69276023E-02   7.61496276E-02   7.53717497E-02
   13.3219824       7.70910978E-02   7.63305500E-02   7.55700469E-02   7.48094097E-02
   13.4220724       7.64867216E-02   7.57428557E-02   7.49990642E-02   7.42554367E-02
   13.5221615       7.58917183E-02   7.51641914E-02   7.44368955E-02   7.37094730E-02
   13.6222525       7.53061175E-02   7.45946094E-02   7.38829523E-02   7.31715336E-02
   13.7223425       7.47295693E-02   7.40333796E-02   7.33372867E-02   7.26412162E-02
   13.8224325       7.41620213E-02   7.34808668E-02   7.27996677E-02   7.21185431E-02
   13.9225225       7.36031905E-02   7.29365274E-02   7.22700655E-02   7.16033503E-02
   14.0226126       7.30528682E-02   7.24004507E-02   7.17478618E-02   7.10954145E-02
   14.1227026       7.25106746E-02   7.18720555E-02   7.12332800E-02   7.05946013E-02
   14.2227926       7.19768330E-02   7.13515207E-02   7.07261637E-02   7.01009333E-02
   14.3228827       7.14509040E-02   7.08385780E-02   7.02261850E-02   6.96138442E-02
   14.4229727       7.09327087E-02   7.03330636E-02   6.97333142E-02   6.91336095E-02
   14.5230627       7.04221055E-02   6.98347613E-02   6.92473501E-02   6.86599165E-02
   14.6231537       6.99189529E-02   6.93434775E-02   6.87680691E-02   6.81926534E-02
   14.7232428       6.94231093E-02   6.88592643E-02   6.82954714E-02   6.77316934E-02
   14.8233328       6.89342171E-02   6.83817640E-02   6.78293183E-02   6.72768652E-02
   14.9234238       6.84524477E-02   6.79109469E-02   6.73695579E-02   6.68280646E-02
   15.0235138       6.79773539E-02   6.74466565E-02   6.69158921E-02   6.63852245E-02
   15.1236029       6.75089732E-02   6.69888258E-02   6.64684698E-02   6.59482181E-02
   15.2236938       6.70470819E-02   6.65370524E-02   6.60269409E-02   6.55168891E-02
   15.3237839       6.65915534E-02   6.60914481E-02   6.55914024E-02   6.50911704E-02
   15.4238739       6.61423802E-02   6.56518266E-02   6.51613697E-02   6.46709502E-02
   15.5239630       6.56992570E-02   6.52181953E-02   6.47371411E-02   6.42560422E-02
   15.6240540       6.52621016E-02   6.47902638E-02   6.43183738E-02   6.38465285E-02
   15.7241440       6.48308992E-02   6.43679872E-02   6.39049783E-02   6.34421036E-02
   15.8242340       6.44053668E-02   6.39511272E-02   6.34969398E-02   6.30427375E-02
   15.9243240       6.39854521E-02   6.35397658E-02   6.30941018E-02   6.26483783E-02
   16.0244141       6.35711402E-02   6.31336942E-02   6.26962855E-02   6.22589178E-02
   16.1245041       6.31622151E-02   6.27329126E-02   6.23035468E-02   6.18742555E-02
   16.2245941       6.27585202E-02   6.23371303E-02   6.19158037E-02   6.14943355E-02
   16.3246841       6.23601004E-02   6.19463511E-02   6.15327023E-02   6.11189790E-02
   16.4247742       6.19667843E-02   6.15606159E-02   6.11543730E-02   6.07482716E-02
   16.5248642       6.15785457E-02   6.11796826E-02   6.07807226E-02   6.03818782E-02
   16.6249542       6.11950606E-02   6.08033463E-02   6.04116358E-02   6.00198880E-02
   16.7250462       6.08164407E-02   6.04316890E-02   6.00470454E-02   5.96623085E-02
   16.8251362       6.04425892E-02   6.00646921E-02   5.96867874E-02   5.93088828E-02
   16.9252262       6.00733906E-02   5.97021133E-02   5.93308248E-02   5.89596964E-02
   17.0253143       5.97086437E-02   5.93439043E-02   5.89791909E-02   5.86145520E-02
   17.1254044       5.93483560E-02   5.89900315E-02   5.86316995E-02   5.82733937E-02
   17.2254944       5.89925498E-02   5.86403348E-02   5.82882687E-02   5.79361133E-02
   17.3255844       5.86410724E-02   5.82949705E-02   5.79488166E-02   5.76027632E-02
   17.4256763       5.82936220E-02   5.79535030E-02   5.76133691E-02   5.72731346E-02
   17.5257664       5.79504520E-02   5.76161481E-02   5.72818145E-02   5.69473468E-02
   17.6258564       5.76113202E-02   5.72826974E-02   5.69539480E-02   5.66253066E-02
   17.7259464       5.72763197E-02   5.69531620E-02   5.66299260E-02   5.63067272E-02
   17.8260345       5.69450893E-02   5.66272438E-02   5.63094877E-02   5.59918508E-02
   17.9261246       5.66177852E-02   5.63052148E-02   5.59927747E-02   5.56803346E-02
   18.0262165       5.62942363E-02   5.59869073E-02   5.56795448E-02   5.53723313E-02
   18.1263065       5.59744127E-02   5.56721166E-02   5.53699173E-02   5.50676510E-02
   18.2263966       5.56582324E-02   5.53609580E-02   5.50637059E-02   5.47663085E-02
   18.3264866       5.53456806E-02   5.50532453E-02   5.47607839E-02   5.44683002E-02
   18.4265766       5.50366491E-02   5.47489859E-02   5.44612594E-02   5.41734360E-02
   18.5266666       5.47310933E-02   5.44479415E-02   5.41649200E-02   5.38819470E-02
   18.6267548       5.44289835E-02   5.41503653E-02   5.38719185E-02   5.35933338E-02
   18.7268467       5.41300811E-02   5.38560003E-02   5.35819866E-02   5.33077940E-02
   18.8269367       5.38346879E-02   5.35649285E-02   5.32952026E-02   5.30253649E-02
   18.9270267       5.35423160E-02   5.32768816E-02   5.30114695E-02   5.27458601E-02
   19.0271168       5.32533787E-02   5.29920124E-02   5.27307838E-02   5.24693802E-02
   19.1272068       5.29674403E-02   5.27102090E-02   5.24529405E-02   5.21957129E-02
   19.2272968       5.26846237E-02   5.24313636E-02   5.21781109E-02   5.19249067E-02
   19.3273888       5.24048246E-02   5.21556027E-02   5.19061834E-02   5.16568348E-02
   19.4274788       5.21281064E-02   5.18825948E-02   5.16371056E-02   5.13915010E-02
   19.5275669       5.18541671E-02   5.16124777E-02   5.13707250E-02   5.11289500E-02
   19.6276569       5.15832603E-02   5.13452142E-02   5.11071831E-02   5.08690625E-02
   19.7277470       5.13152257E-02   5.10806702E-02   5.08462302E-02   5.06117716E-02
   19.8278370       5.10498248E-02   5.08188717E-02   5.05879894E-02   5.03571481E-02
   19.9279270       5.07872552E-02   5.05599007E-02   5.03324345E-02   5.01050055E-02
   20.0280190       5.05275168E-02   5.03034405E-02   5.00794090E-02   4.98553514E-02
   20.1281090       5.02703488E-02   5.00495955E-02   4.98288609E-02   4.96081226E-02
   20.2281990       5.00158407E-02   4.97983582E-02   4.95808981E-02   4.93633747E-02
   20.3282871       4.97639216E-02   4.95496169E-02   4.93353270E-02   4.91210632E-02
   20.4283772       4.95145209E-02   4.93033677E-02   4.90922444E-02   4.88811098E-02
   20.5284672       4.92676236E-02   4.90595587E-02   4.88515124E-02   4.86434549E-02
   20.6285591       4.90232930E-02   4.88181747E-02   4.86131534E-02   4.84080687E-02
   20.7286491       4.87812944E-02   4.85791638E-02   4.83770818E-02   4.81749587E-02
   20.8287392       4.85417247E-02   4.83425446E-02   4.81433347E-02   4.79441807E-02
   20.9288292       4.83045280E-02   4.81081828E-02   4.79118489E-02   4.77154925E-02
   21.0289192       4.80697192E-02   4.78761382E-02   4.76825200E-02   4.74890061E-02
   21.1290073       4.78371158E-02   4.76462804E-02   4.74554785E-02   4.72646430E-02
   21.2290974       4.76067960E-02   4.74186614E-02   4.72305380E-02   4.70424369E-02
   21.3291893       4.73787002E-02   4.71932702E-02   4.70077321E-02   4.68222164E-02
   21.4292793       4.71528508E-02   4.69699353E-02   4.67869975E-02   4.66041043E-02
   21.5293694       4.69291285E-02   4.67487648E-02   4.65683751E-02   4.63879779E-02
   21.6294594       4.67075258E-02   4.65296656E-02   4.63517532E-02   4.61738557E-02
   21.7295494       4.64880913E-02   4.63126414E-02   4.61371616E-02   4.59617637E-02
   21.8296394       4.62706164E-02   4.60975990E-02   4.59245406E-02   4.57515195E-02
   21.9297295       4.60552722E-02   4.58845757E-02   4.57139425E-02   4.55432646E-02
   22.0298195       4.58418950E-02   4.56735678E-02   4.55051586E-02   4.53368798E-02
   22.1299095       4.56305668E-02   4.54644896E-02   4.52983938E-02   4.51322757E-02
   22.2299995       4.54211608E-02   4.52573448E-02   4.50934097E-02   4.49295901E-02
   22.3300896       4.52136658E-02   4.50519696E-02   4.48903218E-02   4.47286628E-02
   22.4301796       4.50081192E-02   4.48485762E-02   4.46891189E-02   4.45295647E-02
   22.5302696       4.48043756E-02   4.46470194E-02   4.44896035E-02   4.43322435E-02
   22.6303616       4.46025245E-02   4.44471948E-02   4.42919321E-02   4.41365801E-02
   22.7304516       4.44024764E-02   4.42492552E-02   4.40959670E-02   4.39426899E-02
   22.8305397       4.42042761E-02   4.40530144E-02   4.39017713E-02   4.37504761E-02
   22.9306297       4.40078713E-02   4.38585468E-02   4.37092818E-02   4.35600057E-02
   23.0307198       4.38131243E-02   4.36657779E-02   4.35184315E-02   4.33710851E-02
   23.1308098       4.36201803E-02   4.34747189E-02   4.33292389E-02   4.31838408E-02
   23.2309017       4.34289128E-02   4.32853363E-02   4.31417972E-02   4.29982059E-02
   23.3309917       4.32393476E-02   4.30976041E-02   4.29559350E-02   4.28141393E-02
   23.4310818       4.30514552E-02   4.29115146E-02   4.27716114E-02   4.26316597E-02
   23.5311718       4.28650975E-02   4.27270122E-02   4.25888933E-02   4.24506888E-02
   23.6312599       4.26804982E-02   4.25441526E-02   4.24076915E-02   4.22712937E-02
   23.7313499       4.24974672E-02   4.23627421E-02   4.22280841E-02   4.20934260E-02
   23.8314400       4.23159190E-02   4.21829522E-02   4.20500077E-02   4.19170037E-02
   23.9315319       4.21360321E-02   4.20046933E-02   4.18733507E-02   4.17420566E-02
   24.0316219       4.19576764E-02   4.18279581E-02   4.16982770E-02   4.15685587E-02
   24.1317120       4.17807736E-02   4.16526310E-02   4.15245593E-02   4.13964763E-02
   24.2318020       4.16053720E-02   4.14788648E-02   4.13523577E-02   4.12258618E-02
   24.3318920       4.14314382E-02   4.13065366E-02   4.11815345E-02   4.10566740E-02
   24.4319801       4.12590243E-02   4.11355607E-02   4.10121866E-02   4.08887714E-02
   24.5320721       4.10880111E-02   4.09660824E-02   4.08441797E-02   4.07222472E-02
   24.6321621       4.09184583E-02   4.07979377E-02   4.06775512E-02   4.05570939E-02
   24.7322521       4.07502875E-02   4.06312570E-02   4.05122787E-02   4.03933339E-02
   24.8323421       4.05835286E-02   4.04659137E-02   4.03483585E-02   4.02307920E-02
   24.9324322       4.04180624E-02   4.03019190E-02   4.01857495E-02   4.00696397E-02
   25.0325222       4.02539410E-02   4.01392244E-02   4.00245003E-02   3.99097204E-02
   25.1326122       4.00912836E-02   3.99778374E-02   3.98644656E-02   3.97510938E-02
   25.2327023       3.99298258E-02   3.98177728E-02   3.97057496E-02   3.95937152E-02
   25.3327923       3.97697277E-02   3.96589749E-02   3.95482816E-02   3.94375212E-02
   25.4328823       3.96108367E-02   3.95014808E-02   3.93920578E-02   3.92825827E-02
   25.5329723       3.94533128E-02   3.93451750E-02   3.92370932E-02   3.91289778E-02
   25.6330624       3.92970443E-02   3.91901433E-02   3.90833318E-02   3.89763825E-02
   25.7331524       3.91420312E-02   3.90363894E-02   3.89307104E-02   3.88251506E-02
   25.8332443       3.89881432E-02   3.88837233E-02   3.87793481E-02   3.86749543E-02
   25.9333344       3.88355963E-02   3.87323275E-02   3.86291668E-02   3.85259613E-02
   26.0334244       3.86841595E-02   3.85821499E-02   3.84801254E-02   3.83780748E-02
   26.1335125       3.85339372E-02   3.84330824E-02   3.83322053E-02   3.82313654E-02
   26.2336025       3.83848846E-02   3.82852219E-02   3.81854661E-02   3.80857587E-02
   26.3336926       3.82369161E-02   3.81384082E-02   3.80398557E-02   3.79412808E-02
   26.4337826       3.80902030E-02   3.79927643E-02   3.78952846E-02   3.77978608E-02
   26.5338745       3.79445516E-02   3.78481895E-02   3.77518721E-02   3.76555212E-02
   26.6339645       3.78000103E-02   3.77047807E-02   3.76095101E-02   3.75142395E-02
   26.7340546       3.76566015E-02   3.75624485E-02   3.74682434E-02   3.73739898E-02
   26.8341446       3.75142954E-02   3.74211445E-02   3.73279974E-02   3.72348577E-02
   26.9342327       3.73730548E-02   3.72809544E-02   3.71888615E-02   3.70967202E-02
   27.0343227       3.72329205E-02   3.71417701E-02   3.70506905E-02   3.69595550E-02
   27.1344128       3.70938070E-02   3.70037109E-02   3.69135775E-02   3.68234590E-02
   27.2345047       3.69556993E-02   3.68665904E-02   3.67774852E-02   3.66883650E-02
   27.3345947       3.68186235E-02   3.67305093E-02   3.66423614E-02   3.65542620E-02
   27.4346848       3.66825834E-02   3.65954377E-02   3.65082659E-02   3.64211053E-02
   27.5347748       3.65475640E-02   3.64613719E-02   3.63751575E-02   3.62888984E-02
   27.6348648       3.64135355E-02   3.63283269E-02   3.62429656E-02   3.61576788E-02
   27.7349529       3.62805128E-02   3.61961685E-02   3.61117646E-02   3.60274129E-02
   27.8350449       3.61484177E-02   3.60649973E-02   3.59815247E-02   3.58980559E-02
   27.9351349       3.60173136E-02   3.59348059E-02   3.58521976E-02   3.57696526E-02
   28.0352249       3.58871445E-02   3.58055308E-02   3.57238464E-02   3.56421657E-02
   28.1353149       3.57580110E-02   3.56771685E-02   3.55963744E-02   3.55155654E-02
   28.2354050       3.56297567E-02   3.55497599E-02   3.54697928E-02   3.53898481E-02
   28.3354950       3.55023891E-02   3.54232714E-02   3.53441350E-02   3.52650248E-02
   28.4355850       3.53759341E-02   3.52976546E-02   3.52193490E-02   3.51410769E-02
   28.5356750       3.52503881E-02   3.51729468E-02   3.50954682E-02   3.50179933E-02
   28.6357651       3.51257399E-02   3.50490920E-02   3.49724516E-02   3.48957963E-02
   28.7358551       3.50019895E-02   3.49261351E-02   3.48502770E-02   3.47744077E-02
   28.8359451       3.48791219E-02   3.48040424E-02   3.47289592E-02   3.46538946E-02
   28.9360352       3.47571038E-02   3.46827693E-02   3.46084759E-02   3.45341973E-02
   29.0361252       3.46359089E-02   3.45623866E-02   3.44888456E-02   3.44153084E-02
   29.1362171       3.45155932E-02   3.44428159E-02   3.43700275E-02   3.42972800E-02
   29.2363071       3.43960933E-02   3.43240649E-02   3.42520326E-02   3.41800228E-02
   29.3363972       3.42774615E-02   3.42061445E-02   3.41348276E-02   3.40635553E-02
   29.4364853       3.41596231E-02   3.40890214E-02   3.40184756E-02   3.39478962E-02
   29.5365753       3.40425819E-02   3.39727141E-02   3.39028463E-02   3.38330232E-02
   29.6366653       3.39263491E-02   3.38571928E-02   3.37880440E-02   3.37189324E-02
   29.7367554       3.38109247E-02   3.37424725E-02   3.36740427E-02   3.36055793E-02
   29.8368473       3.36963050E-02   3.36285122E-02   3.35607678E-02   3.34929787E-02
   29.9369373       3.35824415E-02   3.35153341E-02   3.34482528E-02   3.33811715E-02
   30.0370274       3.34693119E-02   3.34028862E-02   3.33365016E-02   3.32700796E-02
   30.1371174       3.33570056E-02   3.32912467E-02   3.32254879E-02   3.31597365E-02
   30.2372055       3.32454368E-02   3.31803374E-02   3.31152081E-02   3.30501236E-02
   30.3372955       3.31346206E-02   3.30701657E-02   3.30056660E-02   3.29412222E-02
   30.4373875       3.30245383E-02   3.29606943E-02   3.28968503E-02   3.28330137E-02
   30.5374775       3.29151973E-02   3.28519605E-02   3.27887759E-02   3.27255316E-02
   30.6375675       3.28065567E-02   3.27439457E-02   3.26813310E-02   3.26187909E-02
   30.7376575       3.26986350E-02   3.26366499E-02   3.25746909E-02   3.25126909E-02
   30.8377476       3.25914174E-02   3.25300694E-02   3.24686877E-02   3.24072987E-02
   30.9378376       3.24849486E-02   3.24241780E-02   3.23633477E-02   3.23026143E-02
   31.0379257       3.23791616E-02   3.23189460E-02   3.22587565E-02   3.21985632E-02
   31.1380177       3.22740525E-02   3.22144218E-02   3.21548134E-02   3.20951901E-02
   31.2381077       3.21696177E-02   3.21105495E-02   3.20515335E-02   3.19924690E-02
   31.3381977       3.20658684E-02   3.20073813E-02   3.19489166E-02   3.18904147E-02
   31.4382877       3.19627859E-02   3.19048613E-02   3.18469293E-02   3.17890234E-02
   31.5383778       3.18603739E-02   3.18030193E-02   3.17456461E-02   3.16882394E-02
   31.6384678       3.17586102E-02   3.17017734E-02   3.16449516E-02   3.15881260E-02
   31.7385597       3.16575319E-02   3.16012204E-02   3.15449052E-02   3.14886421E-02
   31.8386478       3.15570869E-02   3.15012634E-02   3.14455181E-02   3.13897319E-02
   31.9387379       3.14572416E-02   3.14019881E-02   3.13467644E-02   3.12915109E-02
   32.0388260       3.13580669E-02   3.13033126E-02   3.12486086E-02   3.11938245E-02
   32.1389160       3.12594585E-02   3.12052593E-02   3.11510507E-02   3.10968179E-02
   32.2390060       3.11615206E-02   3.11078634E-02   3.10541037E-02   3.10003832E-02
   32.3390961       3.10642216E-02   3.10109891E-02   3.09577845E-02   3.09045650E-02
   32.4391861       3.09675131E-02   3.09147537E-02   3.08620762E-02   3.08093112E-02
   32.5392761       3.08713932E-02   3.08191124E-02   3.07668801E-02   3.07146385E-02
   32.6393661       3.07758544E-02   3.07241064E-02   3.06723099E-02   3.06205675E-02
   32.7394562       3.06809433E-02   3.06296498E-02   3.05783786E-02   3.05270366E-02
   32.8395462       3.05865873E-02   3.05357724E-02   3.04849334E-02   3.04341260E-02
   32.9396400       3.04928143E-02   3.04424465E-02   3.03921029E-02   3.03417239E-02
   33.0397263       3.03996392E-02   3.03497352E-02   3.02998237E-02   3.02499179E-02
   33.1398163       3.03070210E-02   3.02575883E-02   3.02081238E-02   3.01586669E-02
   33.2399063       3.02149709E-02   3.01659703E-02   3.01169828E-02   3.00679579E-02
   33.3399963       3.01235244E-02   3.00749205E-02   3.00263595E-02   2.99777947E-02
   33.4400902       3.00325491E-02   2.99844202E-02   2.99362727E-02   2.98881475E-02
   33.5401764       2.99422015E-02   2.98944563E-02   2.98467502E-02   2.97990497E-02
   33.6402702       2.98523325E-02   2.98050381E-02   2.97577530E-02   2.97105033E-02
   33.7403564       2.97630224E-02   2.97161676E-02   2.96693053E-02   2.96224542E-02
   33.8404503       2.96742637E-02   2.96278205E-02   2.95813512E-02   2.95349136E-02
   33.9405365       2.95860246E-02   2.95399986E-02   2.94939559E-02   2.94479113E-02
   34.0406265       2.94983331E-02   2.94526834E-02   2.94070449E-02   2.93614194E-02
   34.1407204       2.94111297E-02   2.93658823E-02   2.93206535E-02   2.92754248E-02
   34.2408066       2.93244720E-02   2.92796232E-02   2.92348135E-02   2.91899461E-02
   34.3409004       2.92382650E-02   2.91938316E-02   2.91493963E-02   2.91049480E-02
   34.4409866       2.91526318E-02   2.91085914E-02   2.90644914E-02   2.90204659E-02
   34.5410805       2.90674884E-02   2.90238205E-02   2.89801024E-02   2.89364457E-02
   34.6411667       2.89828535E-02   2.89395154E-02   2.88962275E-02   2.88529210E-02
   34.7412567       2.88987067E-02   2.88557410E-02   2.88127698E-02   2.87698973E-02
   34.8413506       2.88149901E-02   2.87724230E-02   2.87298802E-02   2.86873151E-02
   34.9414368       2.87318025E-02   2.86896080E-02   2.86474247E-02   2.86052153E-02
   35.0415306       2.86490731E-02   2.86072642E-02   2.85653993E-02   2.85235997E-02
   35.1416168       2.85668559E-02   2.85253953E-02   2.84839235E-02   2.84424294E-02
   35.2417107       2.84850970E-02   2.84439716E-02   2.84028593E-02   2.83617415E-02
   35.3418007       2.84038018E-02   2.83630267E-02   2.83222497E-02   2.82814838E-02
   35.4418907       2.83230003E-02   2.82825418E-02   2.82421373E-02   2.82017048E-02
   35.5419807       2.82426439E-02   2.82025281E-02   2.81624123E-02   2.81223506E-02
   35.6420670       2.81626880E-02   2.81229969E-02   2.80832071E-02   2.80434657E-02
   35.7421608       2.80832462E-02   2.80438364E-02   2.80044191E-02   2.79649831E-02
   35.8422470       2.80042663E-02   2.79651824E-02   2.79260557E-02   2.78869718E-02
   35.9423409       2.79256925E-02   2.78868917E-02   2.78481748E-02   2.78093889E-02
   36.0424309       2.78475694E-02   2.78091170E-02   2.77706608E-02   2.77322456E-02
   36.1425209       2.77698804E-02   2.77317632E-02   2.76936293E-02   2.76554991E-02
   36.2426109       2.76926216E-02   2.76548304E-02   2.76170149E-02   2.75791977E-02
   36.3427010       2.76158359E-02   2.75783129E-02   2.75408179E-02   2.75032967E-02
   36.4427910       2.75394041E-02   2.75022276E-02   2.74650417E-02   2.74278373E-02
   36.5428772       2.74634715E-02   2.74265744E-02   2.73896586E-02   2.73527764E-02
   36.6429710       2.73878574E-02   2.73513179E-02   2.73147114E-02   2.72781458E-02
   36.7430611       2.73127574E-02   2.72764880E-02   2.72401925E-02   2.72039138E-02
   36.8431511       2.72380449E-02   2.72020325E-02   2.71660760E-02   2.71300562E-02
   36.9432411       2.71637086E-02   2.71280427E-02   2.70922948E-02   2.70566363E-02
   37.0433311       2.70897988E-02   2.70543788E-02   2.70189960E-02   2.69835815E-02
   37.1434212       2.70163286E-02   2.69811880E-02   2.69460529E-02   2.69109588E-02
   37.2435074       2.69432180E-02   2.69083567E-02   2.68735159E-02   2.68386770E-02
   37.3436012       2.68705115E-02   2.68359240E-02   2.68013682E-02   2.67667752E-02
   37.4436913       2.67981924E-02   2.67638918E-02   2.67295800E-02   2.66952999E-02
   37.5437813       2.67262235E-02   2.66922414E-02   2.66582333E-02   2.66242139E-02
   37.6438713       2.66547073E-02   2.66209505E-02   2.65872087E-02   2.65534595E-02
   37.7439613       2.65835319E-02   2.65500788E-02   2.65165884E-02   2.64831129E-02
   37.8440514       2.65127756E-02   2.64795478E-02   2.64463276E-02   2.64131501E-02
   37.9441452       2.64423341E-02   2.64093932E-02   2.63764299E-02   2.63435263E-02
   38.0442314       2.63723303E-02   2.63396446E-02   2.63069402E-02   2.62742527E-02
   38.1443214       2.63026599E-02   2.62702368E-02   2.62378026E-02   2.62053795E-02
   38.2444115       2.62333807E-02   2.62011923E-02   2.61690486E-02   2.61368509E-02
   38.3445015       2.61644665E-02   2.61325371E-02   2.61006039E-02   2.60687023E-02
   38.4445915       2.60959081E-02   2.60642469E-02   2.60325558E-02   2.60008760E-02
   38.5446815       2.60277037E-02   2.59962641E-02   2.59648208E-02   2.59334259E-02
   38.6447754       2.59598438E-02   2.59286966E-02   2.58974917E-02   2.58662887E-02
   38.7448616       2.58923713E-02   2.58614477E-02   2.58304328E-02   2.57995427E-02
   38.8449554       2.58252267E-02   2.57945415E-02   2.57638153E-02   2.57331114E-02
   38.9450417       2.57584378E-02   2.57279929E-02   2.56974958E-02   2.56670136E-02
   39.0451317       2.56919935E-02   2.56617833E-02   2.56315079E-02   2.56012753E-02
   39.1452217       2.56259013E-02   2.55958848E-02   2.55658850E-02   2.55358871E-02
   39.2453117       2.55601183E-02   2.55304016E-02   2.55005881E-02   2.54707709E-02
   39.3454056       2.54947096E-02   2.54651569E-02   2.54355948E-02   2.54060645E-02
   39.4454918       2.54296102E-02   2.54003089E-02   2.53709629E-02   2.53416356E-02
   39.5455856       2.53648479E-02   2.53357552E-02   2.53066421E-02   2.52775475E-02
   39.6456718       2.53004320E-02   2.52715703E-02   2.52426546E-02   2.52137948E-02
   39.7457619       2.52363440E-02   2.52076834E-02   2.51790024E-02   2.51503419E-02
   39.8458519       2.51725707E-02   2.51441188E-02   2.51156669E-02   2.50872243E-02
   39.9459419       2.51091216E-02   2.50809044E-02   2.50526331E-02   2.50244029E-02
   40.0460358       2.50459779E-02   2.50179693E-02   2.49899346E-02   2.49619149E-02
   40.1461220       2.49831788E-02   2.49553658E-02   2.49275453E-02   2.48997156E-02
   40.2462158       2.49206554E-02   2.48930510E-02   2.48654541E-02   2.48378497E-02
   40.3463020       2.48584915E-02   2.48310864E-02   2.48036794E-02   2.47762799E-02
   40.4463959       2.47966163E-02   2.47694142E-02   2.47422010E-02   2.47149970E-02
   40.5464859       2.47350559E-02   2.47080512E-02   2.46810354E-02   2.46540289E-02
   40.6465721       2.46737786E-02   2.46469863E-02   2.46201847E-02   2.45933887E-02
   40.7466660       2.46128347E-02   2.45861970E-02   2.45596003E-02   2.45329998E-02
   40.8467522       2.45521627E-02   2.45257542E-02   2.44993344E-02   2.44729277E-02
   40.9468460       2.44918168E-02   2.44655833E-02   2.44393796E-02   2.44131573E-02
   41.0469322       2.44317502E-02   2.44057234E-02   2.43796855E-02   2.43536811E-02
   41.1470261       2.43719909E-02   2.43461467E-02   2.43203174E-02   2.42944695E-02
   41.2471161       2.43125111E-02   2.42868401E-02   2.42612045E-02   2.42355689E-02
   41.3472023       2.42533106E-02   2.42278539E-02   2.42023803E-02   2.41769105E-02
   41.4472961       2.41944343E-02   2.41691321E-02   2.41438504E-02   2.41185855E-02
   41.5473824       2.41358150E-02   2.41107251E-02   2.40856186E-02   2.40605194E-02
   41.6474762       2.40774974E-02   2.40525696E-02   2.40276530E-02   2.40027457E-02
   41.7475624       2.40194425E-02   2.39947215E-02   2.39699669E-02   2.39452198E-02
   41.8476562       2.39617005E-02   2.39371154E-02   2.39125565E-02   2.38880068E-02
   41.9477463       2.39041895E-02   2.38798093E-02   2.38554236E-02   2.38310359E-02
   42.0478363       2.38470025E-02   2.38227677E-02   2.37985700E-02   2.37743482E-02
   42.1479263       2.37900652E-02   2.37660129E-02   2.37419792E-02   2.37179194E-02
   42.2480125       2.37334017E-02   2.37095207E-02   2.36856565E-02   2.36617737E-02
   42.3481064       2.36769933E-02   2.36532949E-02   2.36295890E-02   2.36058906E-02
   42.4481926       2.36208905E-02   2.35973373E-02   2.35737972E-02   2.35502739E-02
   42.5482864       2.35649981E-02   2.35416461E-02   2.35182773E-02   2.34948993E-02
   42.6483765       2.35094186E-02   2.34862231E-02   2.34630089E-02   2.34398097E-02
   42.7484665       2.34540906E-02   2.34310422E-02   2.34079994E-02   2.33849641E-02
   42.8485565       2.33990178E-02   2.33761463E-02   2.33532488E-02   2.33303681E-02
   42.9486465       2.33441964E-02   2.33214758E-02   2.32987665E-02   2.32760441E-02
   43.0487366       2.32896302E-02   2.32670698E-02   2.32445206E-02   2.32219603E-02
   43.1488228       2.32353415E-02   2.32129358E-02   2.31905226E-02   2.31681168E-02
   43.2489166       2.31812876E-02   2.31590476E-02   2.31367908E-02   2.31145285E-02
   43.3490067       2.31274925E-02   2.31053904E-02   2.30832882E-02   2.30612066E-02
   43.4490967       2.30739433E-02   2.30519976E-02   2.30300482E-02   2.30081007E-02
   43.5491867       2.30206400E-02   2.29988564E-02   2.29770672E-02   2.29552686E-02
   43.6492767       2.29675919E-02   2.29459610E-02   2.29242966E-02   2.29026545E-02
   43.7493668       2.29147859E-02   2.28932966E-02   2.28718072E-02   2.28502788E-02
   43.8494568       2.28622127E-02   2.28408724E-02   2.28195190E-02   2.27981750E-02
   43.9495468       2.28098817E-02   2.27887053E-02   2.27674823E-02   2.27462780E-02
   44.0496368       2.27577984E-02   2.27367356E-02   2.27156784E-02   2.26946194E-02
   44.1497269       2.27059554E-02   2.26850361E-02   2.26641186E-02   2.26432271E-02
   44.2498169       2.26543657E-02   2.26335693E-02   2.26127971E-02   2.25920267E-02
   44.3499069       2.26029735E-02   2.25823261E-02   2.25617122E-02   2.25410685E-02
   44.4499969       2.25518141E-02   2.25313343E-02   2.25108378E-02   2.24903468E-02
   44.5500908       2.25009192E-02   2.24805642E-02   2.24601999E-02   2.24398430E-02
   44.6501770       2.24502236E-02   2.24300083E-02   2.24097837E-02   2.23895721E-02
   44.7502670       2.23997850E-02   2.23796982E-02   2.23596152E-02   2.23395228E-02
   44.8503571       2.23495625E-02   2.23296024E-02   2.23096572E-02   2.22897008E-02
   44.9504471       2.22995598E-02   2.22797394E-02   2.22599376E-02   2.22401097E-02
   45.0505371       2.22497825E-02   2.22300943E-02   2.22104061E-02   2.21907180E-02
   45.1506271       2.22002342E-02   2.21806560E-02   2.21611056E-02   2.21415590E-02
   45.2507210       2.21508816E-02   2.21314635E-02   2.21120436E-02   2.20926143E-02
   45.3508072       2.21017636E-02   2.20824666E-02   2.20631752E-02   2.20438801E-02
   45.4509010       2.20528748E-02   2.20336970E-02   2.20145322E-02   2.19953675E-02
   45.5509872       2.20041908E-02   2.19851695E-02   2.19660960E-02   2.19470672E-02
   45.6510773       2.19557118E-02   2.19368152E-02   2.19178889E-02   2.18989477E-02
   45.7511673       2.19074674E-02   2.18886882E-02   2.18698848E-02   2.18510851E-02
   45.8512573       2.18594335E-02   2.18407623E-02   2.18220837E-02   2.18034219E-02
   45.9513512       2.18115896E-02   2.17930451E-02   2.17745025E-02   2.17559393E-02
   46.0514374       2.17639823E-02   2.17455663E-02   2.17271093E-02   2.17086915E-02
   46.1515312       2.17165668E-02   2.16982495E-02   2.16799527E-02   2.16616411E-02
   46.2516174       2.16693580E-02   2.16511767E-02   2.16329992E-02   2.16147695E-02
   46.3517075       2.16223765E-02   2.16042846E-02   2.15862244E-02   2.15681456E-02
   46.4518013       2.15755608E-02   2.15576179E-02   2.15396509E-02   2.15217043E-02
   46.5518875       2.15289779E-02   2.15111449E-02   2.14932673E-02   2.14754567E-02
   46.6519814       2.14825626E-02   2.14648582E-02   2.14471128E-02   2.14293785E-02
   46.7520676       2.14363877E-02   2.14187708E-02   2.14011688E-02   2.13835407E-02
   46.8521614       2.13904083E-02   2.13728771E-02   2.13553812E-02   2.13378761E-02
   46.9522476       2.13445984E-02   2.13271957E-02   2.13098228E-02   2.12924499E-02
   47.0523415       2.12990027E-02   2.12817192E-02   2.12644320E-02   2.12471578E-02
   47.1524315       2.12535877E-02   2.12364215E-02   2.12192480E-02   2.12020837E-02
   47.2525177       2.12083906E-02   2.11913083E-02   2.11742688E-02   2.11572014E-02
   47.3526115       2.11633574E-02   2.11464129E-02   2.11294498E-02   2.11124886E-02
   47.4526978       2.11185273E-02   2.11016703E-02   2.10848376E-02   2.10679863E-02
   47.5527916       2.10738908E-02   2.10571662E-02   2.10403986E-02   2.10236590E-02
   47.6528778       2.10294388E-02   2.10128035E-02   2.09961589E-02   2.09795367E-02
   47.7529716       2.09851675E-02   2.09686421E-02   2.09521223E-02   2.09355894E-02
   47.8530617       2.09411178E-02   2.09246855E-02   2.09082384E-02   2.08918266E-02
   47.9531479       2.08971947E-02   2.08808687E-02   2.08645556E-02   2.08482239E-02
   48.0532417       2.08535064E-02   2.08372790E-02   2.08210740E-02   2.08048355E-02
   48.1533279       2.08099820E-02   2.07938533E-02   2.07777210E-02   2.07616147E-02
   48.2534218       2.07666308E-02   2.07505953E-02   2.07345895E-02   2.07185671E-02
   48.3535080       2.07234696E-02   2.07075495E-02   2.06916183E-02   2.06757076E-02
   48.4536018       2.06804778E-02   2.06646565E-02   2.06488203E-02   2.06330158E-02
   48.5536919       2.06376817E-02   2.06219535E-02   2.06062328E-02   2.05905065E-02
   48.6537819       2.05950458E-02   2.05794331E-02   2.05637831E-02   2.05481425E-02
   48.7538719       2.05525961E-02   2.05370672E-02   2.05215383E-02   2.05059852E-02
   48.8539581       2.05103215E-02   2.04948802E-02   2.04794388E-02   2.04640105E-02
   48.9540520       2.04682257E-02   2.04528924E-02   2.04375349E-02   2.04221942E-02
   49.0541420       2.04262827E-02   2.04110425E-02   2.03957949E-02   2.03805417E-02
   49.1542320       2.03845315E-02   2.03693714E-02   2.03542281E-02   2.03390680E-02
   49.2543221       2.03429423E-02   2.03278810E-02   2.03128122E-02   2.02977508E-02
   49.3544121       2.03015227E-02   2.02865526E-02   2.02715732E-02   2.02566143E-02
   49.4545021       2.02602763E-02   2.02453900E-02   2.02305168E-02   2.02156398E-02
   49.5545921       2.02191919E-02   2.02044100E-02   2.01896112E-02   2.01748200E-02
   49.6546822       2.01782733E-02   2.01635901E-02   2.01488696E-02   2.01341715E-02
   49.7547722       2.01375242E-02   2.01229043E-02   2.01082919E-02   2.00936887E-02
   49.8548622       2.00969577E-02   2.00824235E-02   2.00679116E-02   2.00533643E-02
   49.9549522       2.00565178E-02   2.00421102E-02   2.00276431E-02   2.00132076E-02
   50.0550423       2.00162735E-02   2.00019237E-02   1.99875589E-02   1.99731998E-02
   50.1551323       1.99761689E-02   1.99619010E-02   1.99476574E-02   1.99333653E-02
   50.2552223       1.99362282E-02   1.99220609E-02   1.99078787E-02   1.98936965E-02
   50.3553123       1.98964421E-02   1.98823623E-02   1.98682565E-02   1.98541544E-02
   50.4554024       1.98568422E-02   1.98428333E-02   1.98288094E-02   1.98147930E-02
   50.5554924       1.98173802E-02   1.98034495E-02   1.97895225E-02   1.97755918E-02
   50.6555824       1.97780766E-02   1.97642427E-02   1.97503641E-02   1.97365321E-02
   50.7556725       1.97389144E-02   1.97251569E-02   1.97114032E-02   1.96976345E-02
   50.8557625       1.96999386E-02   1.96862500E-02   1.96725596E-02   1.96588654E-02
   50.9558525       1.96611080E-02   1.96475144E-02   1.96338873E-02   1.96202770E-02
   51.0559425       1.96224041E-02   1.96088981E-02   1.95953660E-02   1.95818357E-02
   51.1560364       1.95838735E-02   1.95704382E-02   1.95569769E-02   1.95435360E-02
   51.2561226       1.95454936E-02   1.95321273E-02   1.95187647E-02   1.95053928E-02
   51.3562126       1.95072666E-02   1.94939729E-02   1.94806885E-02   1.94674078E-02
   51.4563026       1.94691792E-02   1.94559526E-02   1.94427706E-02   1.94295570E-02
   51.5563927       1.94312520E-02   1.94181055E-02   1.94049962E-02   1.93918422E-02
   51.6564865       1.93934720E-02   1.93804018E-02   1.93673559E-02   1.93542764E-02
   51.7565727       1.93558335E-02   1.93428490E-02   1.93298589E-02   1.93168800E-02
   51.8566666       1.93183236E-02   1.93054453E-02   1.92925278E-02   1.92796234E-02
   51.9567528       1.92809887E-02   1.92681625E-02   1.92553159E-02   1.92424953E-02
   52.0568466       1.92437805E-02   1.92310214E-02   1.92182567E-02   1.92055125E-02
   52.1569328       1.92067306E-02   1.91940386E-02   1.91813651E-02   1.91686619E-02
   52.2570229       1.91698223E-02   1.91571936E-02   1.91445891E-02   1.91319603E-02
   52.3571167       1.91330239E-02   1.91204716E-02   1.91079471E-02   1.90954078E-02
   52.4572029       1.90963801E-02   1.90839283E-02   1.90714598E-02   1.90589856E-02
   52.5572968       1.90599095E-02   1.90475080E-02   1.90351214E-02   1.90226920E-02
   52.6573830       1.90235563E-02   1.90112349E-02   1.89989004E-02   1.89865623E-02
   52.7574768       1.89873222E-02   1.89750921E-02   1.89628191E-02   1.89505592E-02
   52.8575630       1.89512614E-02   1.89390779E-02   1.89268850E-02   1.89146921E-02
   52.9576530       1.89153217E-02   1.89031940E-02   1.88910700E-02   1.88789498E-02
   53.0577469       1.88795198E-02   1.88674573E-02   1.88554171E-02   1.88433584E-02
   53.1578331       1.88438613E-02   1.88318584E-02   1.88198704E-02   1.88079029E-02
   53.2579269       1.88083239E-02   1.87963936E-02   1.87844895E-02   1.87725592E-02
   53.3580132       1.87729131E-02   1.87610537E-02   1.87492166E-02   1.87373590E-02
   53.4581070       1.87376514E-02   1.87258497E-02   1.87140796E-02   1.87023040E-02
   53.5581932       1.87025201E-02   1.86908152E-02   1.86790675E-02   1.86673515E-02
   53.6582870       1.86675023E-02   1.86558496E-02   1.86442025E-02   1.86325442E-02
   53.7583771       1.86326243E-02   1.86210331E-02   1.86094660E-02   1.85978934E-02
   53.8584633       1.85979046E-02   1.85863748E-02   1.85748562E-02   1.85633171E-02
   53.9585571       1.85632743E-02   1.85518209E-02   1.85403675E-02   1.85289048E-02
   54.0586433       1.85287874E-02   1.85173992E-02   1.85060054E-02   1.84946153E-02
   54.1587372       1.84944328E-02   1.84831228E-02   1.84717998E-02   1.84604470E-02
   54.2588234       1.84602328E-02   1.84489470E-02   1.84376780E-02   1.84264146E-02
   54.3589172       1.84261110E-02   1.84149109E-02   1.84036996E-02   1.83924939E-02
   54.4590073       1.83921307E-02   1.83810089E-02   1.83698479E-02   1.83587112E-02
   54.5590973       1.83582865E-02   1.83472130E-02   1.83361191E-02   1.83250383E-02
   54.6591873       1.83245670E-02   1.83135420E-02   1.83025207E-02   1.82915069E-02
   54.7592735       1.82909705E-02   1.82800032E-02   1.82690378E-02   1.82580724E-02
   54.8593674       1.82574745E-02   1.82465985E-02   1.82356909E-02   1.82247628E-02
   54.9594574       1.82241350E-02   1.82132758E-02   1.82024483E-02   1.81916021E-02
   55.0595474       1.81908961E-02   1.81801058E-02   1.81693453E-02   1.81585606E-02
   55.1596375       1.81577895E-02   1.81470700E-02   1.81363430E-02   1.81256086E-02
   55.2597275       1.81248058E-02   1.81141254E-02   1.81034710E-02   1.80927906E-02
   55.3598175       1.80919226E-02   1.80813130E-02   1.80707108E-02   1.80600993E-02
   55.4599037       1.80591587E-02   1.80486124E-02   1.80380698E-02   1.80275068E-02
   55.5599976       1.80265438E-02   1.80160441E-02   1.80055480E-02   1.79950539E-02
   55.6600876       1.79940239E-02   1.79835837E-02   1.79731343E-02   1.79627109E-02
   55.7601776       1.79616325E-02   1.79512408E-02   1.79408621E-02   1.79304667E-02
   55.8602676       1.79293342E-02   1.79189984E-02   1.79086756E-02   1.78983640E-02
   55.9603577       1.78971719E-02   1.78868957E-02   1.78766344E-02   1.78663544E-02
   56.0604477       1.78651214E-02   1.78549141E-02   1.78446900E-02   1.78344827E-02
   56.1605377       1.78331845E-02   1.78230200E-02   1.78128742E-02   1.78027041E-02
   56.2606277       1.78013705E-02   1.77912600E-02   1.77811552E-02   1.77710410E-02
   56.3607178       1.77696589E-02   1.77596007E-02   1.77495498E-02   1.77395064E-02
   56.4608078       1.77380610E-02   1.77280642E-02   1.77180655E-02   1.77080650E-02
   56.5608978       1.77065767E-02   1.76966395E-02   1.76866893E-02   1.76767465E-02
   56.6609879       1.76752154E-02   1.76653191E-02   1.76554155E-02   1.76455211E-02
   56.7610779       1.76439527E-02   1.76341087E-02   1.76242590E-02   1.76144205E-02
   56.8611679       1.76127981E-02   1.76030174E-02   1.75932180E-02   1.75834224E-02
   56.9612579       1.75817609E-02   1.75720174E-02   1.75622851E-02   1.75525416E-02
   57.0613480       1.75508298E-02   1.75411347E-02   1.75314471E-02   1.75217595E-02
   57.1614380       1.75200012E-02   1.75103676E-02   1.75007302E-02   1.74910985E-02
   57.2615280       1.74892973E-02   1.74797159E-02   1.74701195E-02   1.74605269E-02
   57.3616180       1.74586810E-02   1.74491554E-02   1.74396168E-02   1.74300801E-02
   57.4617081       1.74281802E-02   1.74187012E-02   1.74092054E-02   1.73997339E-02
   57.5618019       1.73977930E-02   1.73883494E-02   1.73789281E-02   1.73694734E-02
   57.6618881       1.73675157E-02   1.73581112E-02   1.73487402E-02   1.73393451E-02
   57.7619820       1.73373297E-02   1.73279941E-02   1.73186548E-02   1.73093099E-02
   57.8620682       1.73072610E-02   1.72979552E-02   1.72886625E-02   1.72793791E-02
   57.9621582       1.72772799E-02   1.72680430E-02   1.72588006E-02   1.72495469E-02
   58.0622482       1.72474086E-02   1.72382202E-02   1.72290299E-02   1.72198266E-02
   58.1623383       1.72176510E-02   1.72085054E-02   1.71993580E-02   1.71902031E-02
   58.2624321       1.71879828E-02   1.71788875E-02   1.71697810E-02   1.71606746E-02
   58.3625183       1.71584301E-02   1.71493702E-02   1.71403121E-02   1.71312615E-02
   58.4626122       1.71289779E-02   1.71199571E-02   1.71109624E-02   1.71019435E-02
   58.5626984       1.70996040E-02   1.70906466E-02   1.70816854E-02   1.70727167E-02
   58.6627922       1.70703549E-02   1.70614365E-02   1.70525126E-02   1.70436073E-02
   58.7628784       1.70411970E-02   1.70323309E-02   1.70234591E-02   1.70145873E-02
   58.8629684       1.70121416E-02   1.70033239E-02   1.69944894E-02   1.69856604E-02
   58.9630623       1.69831831E-02   1.69744026E-02   1.69656146E-02   1.69568360E-02
   59.0631485       1.69543251E-02   1.69455744E-02   1.69368573E-02   1.69281233E-02
   59.1632423       1.69255529E-02   1.69168767E-02   1.69081669E-02   1.68994833E-02
   59.2633286       1.68968942E-02   1.68882441E-02   1.68796051E-02   1.68709625E-02
   59.3634224       1.68683361E-02   1.68597214E-02   1.68511253E-02   1.68425161E-02
   59.4635086       1.68398600E-02   1.68312974E-02   1.68227311E-02   1.68141779E-02
   59.5635986       1.68114882E-02   1.68029796E-02   1.67944524E-02   1.67859346E-02
   59.6636925       1.67832095E-02   1.67747289E-02   1.67662613E-02   1.67577863E-02
   59.7637787       1.67550314E-02   1.67466030E-02   1.67381614E-02   1.67297330E-02
   59.8638725       1.67269353E-02   1.67185422E-02   1.67101584E-02   1.67017635E-02
   59.9639587       1.66989416E-02   1.66905969E-02   1.66822486E-02   1.66738983E-02
   60.0640526       1.66710429E-02   1.66627299E-02   1.66544300E-02   1.66461337E-02
   60.1641426       1.66432299E-02   1.66349709E-02   1.66267045E-02   1.66184381E-02
   60.2642326       1.66155156E-02   1.66072994E-02   1.65990684E-02   1.65908393E-02
   60.3643227       1.65879019E-02   1.65797193E-02   1.65715292E-02   1.65633410E-02
   60.4644089       1.65603645E-02   1.65522136E-02   1.65440738E-02   1.65359341E-02
   60.5645027       1.65329222E-02   1.65248271E-02   1.65167172E-02   1.65086240E-02
   60.6645889       1.65055785E-02   1.64975170E-02   1.64894536E-02   1.64813902E-02
   60.7646828       1.64783131E-02   1.64702926E-02   1.64622739E-02   1.64542403E-02
   60.8647728       1.64511427E-02   1.64431706E-02   1.64351892E-02   1.64272003E-02
   60.9648628       1.64240748E-02   1.64161362E-02   1.64081883E-02   1.64002422E-02
   61.0649529       1.63970944E-02   1.63891707E-02   1.63812675E-02   1.63733698E-02
   61.1650429       1.63701735E-02   1.63623113E-02   1.63544267E-02   1.63465720E-02
   61.2651329       1.63433589E-02   1.63355432E-02   1.63277071E-02   1.63198803E-02
   61.3652191       1.63166504E-02   1.63088553E-02   1.63010694E-02   1.62932705E-02
   61.4653130       1.62900109E-02   1.62822511E-02   1.62745006E-02   1.62667502E-02
   61.5654030       1.62634477E-02   1.62557401E-02   1.62480194E-02   1.62403081E-02
   61.6654930       1.62369832E-02   1.62293091E-02   1.62216369E-02   1.62139665E-02
   61.7655830       1.62106231E-02   1.62029844E-02   1.61953419E-02   1.61876958E-02
   61.8656731       1.61843132E-02   1.61767285E-02   1.61691159E-02   1.61615182E-02
   61.9657631       1.61581095E-02   1.61505472E-02   1.61429849E-02   1.61354113E-02
   62.0658493       1.61319859E-02   1.61244683E-02   1.61169320E-02   1.61093995E-02
   62.1659431       1.61059480E-02   1.60984658E-02   1.60909686E-02   1.60834808E-02
   62.2660332       1.60800051E-02   1.60725489E-02   1.60650909E-02   1.60576347E-02
   62.3661232       1.60541292E-02   1.60467103E-02   1.60392858E-02   1.60318725E-02
   62.4662132       1.60283446E-02   1.60209723E-02   1.60135720E-02   1.60061885E-02
   62.5663033       1.60026364E-02   1.59952920E-02   1.59879457E-02   1.59805883E-02
   62.6663933       1.59770213E-02   1.59697048E-02   1.59623865E-02   1.59550756E-02
   62.7664871       1.59514770E-02   1.59441959E-02   1.59369186E-02   1.59296319E-02
   62.8665733       1.59260184E-02   1.59187727E-02   1.59115270E-02   1.59042925E-02
   62.9666634       1.59006473E-02   1.58934370E-02   1.58862248E-02   1.58790126E-02
   63.0667534       1.58753544E-02   1.58681683E-02   1.58609971E-02   1.58538315E-02
   63.1668434       1.58501435E-02   1.58429965E-02   1.58358477E-02   1.58287119E-02
   63.2669334       1.58250015E-02   1.58178993E-02   1.58107802E-02   1.58036649E-02
   63.3670235       1.57999378E-02   1.57928672E-02   1.57857947E-02   1.57787204E-02
   63.4671173       1.57749634E-02   1.57679152E-02   1.57608837E-02   1.57538466E-02
   63.5672035       1.57500654E-02   1.57430563E-02   1.57360565E-02   1.57290399E-02
   63.6672935       1.57252457E-02   1.57182775E-02   1.57112945E-02   1.57043226E-02
   63.7673836       1.57005079E-02   1.56935584E-02   1.56866144E-02   1.56796835E-02
   63.8674736       1.56758390E-02   1.56689323E-02   1.56620257E-02   1.56551171E-02
   63.9675636       1.56512596E-02   1.56443883E-02   1.56375002E-02   1.56306215E-02
   64.0676575       1.56267434E-02   1.56198991E-02   1.56130604E-02   1.56062171E-02
   64.1677475       1.56023167E-02   1.55955078E-02   1.55886877E-02   1.55818760E-02
   64.2678375       1.55779626E-02   1.55711835E-02   1.55643979E-02   1.55576169E-02
   64.3679276       1.55536830E-02   1.55469235E-02   1.55401910E-02   1.55334407E-02
   64.4680176       1.55294770E-02   1.55227669E-02   1.55160511E-02   1.55093223E-02
   64.5681076       1.55053493E-02   1.54986698E-02   1.54919783E-02   1.54852942E-02
   64.6681976       1.54812895E-02   1.54746361E-02   1.54679799E-02   1.54613331E-02
   64.7682877       1.54573172E-02   1.54506965E-02   1.54440701E-02   1.54374409E-02
   64.8683777       1.54334093E-02   1.54268146E-02   1.54202152E-02   1.54136326E-02
   64.9684677       1.54095823E-02   1.54030202E-02   1.53964581E-02   1.53898932E-02
   65.0685577       1.53858233E-02   1.53792901E-02   1.53727680E-02   1.53662208E-02
   65.1686478       1.53621435E-02   1.53556336E-02   1.53491329E-02   1.53426370E-02
   65.2687378       1.53385345E-02   1.53320618E-02   1.53255919E-02   1.53191155E-02
   65.3688278       1.53149934E-02   1.53085496E-02   1.53021039E-02   1.52956629E-02
   65.4689178       1.52915241E-02   1.52851129E-02   1.52786942E-02   1.52722932E-02
   65.5690079       1.52681377E-02   1.52617563E-02   1.52553571E-02   1.52489757E-02
   65.6690979       1.52447987E-02   1.52384574E-02   1.52321039E-02   1.52257457E-02
   65.7691879       1.52215604E-02   1.52152255E-02   1.52089074E-02   1.52025754E-02
   65.8692856       1.51983704E-02   1.51920877E-02   1.51857762E-02   1.51794879E-02
   65.9693680       1.51752690E-02   1.51690058E-02   1.51627231E-02   1.51564647E-02
   66.0694580       1.51522299E-02   1.51459845E-02   1.51397521E-02   1.51335094E-02
   66.1695557       1.51292579E-02   1.51230441E-02   1.51168276E-02   1.51106147E-02
   66.2696381       1.51063595E-02   1.51001709E-02   1.50939757E-02   1.50878094E-02
   66.3697281       1.50835300E-02   1.50773684E-02   1.50712077E-02   1.50650516E-02
   66.4698181       1.50607591E-02   1.50546376E-02   1.50485048E-02   1.50423814E-02
   66.5699158       1.50380693E-02   1.50319748E-02   1.50258783E-02   1.50197670E-02
   66.6699982       1.50154540E-02   1.50093660E-02   1.50032900E-02   1.49972262E-02
   66.7700882       1.49928881E-02   1.49868457E-02   1.49807921E-02   1.49747450E-02
   66.8701859       1.49703985E-02   1.49643775E-02   1.49583584E-02   1.49523439E-02
   66.9702682       1.49479797E-02   1.49419773E-02   1.49359843E-02   1.49300033E-02
   67.0703583       1.49256242E-02   1.49196628E-02   1.49136959E-02   1.49077261E-02
   67.1704483       1.49033312E-02   1.48973996E-02   1.48914531E-02   1.48855178E-02
   67.2705460       1.48811070E-02   1.48752090E-02   1.48692783E-02   1.48633756E-02
   67.3706284       1.48589555E-02   1.48530751E-02   1.48471920E-02   1.48413116E-02
   67.4707184       1.48368711E-02   1.48310037E-02   1.48251457E-02   1.48192840E-02
   67.5708160       1.48148434E-02   1.48090161E-02   1.48031805E-02   1.47973439E-02
   67.6709061       1.47928875E-02   1.47870686E-02   1.47812692E-02   1.47754550E-02
   67.7709885       1.47709940E-02   1.47652077E-02   1.47594316E-02   1.47536518E-02
   67.8710785       1.47491796E-02   1.47434194E-02   1.47376461E-02   1.47318980E-02
   67.9711761       1.47274137E-02   1.47216665E-02   1.47159398E-02   1.47102037E-02
   68.0712585       1.47057008E-02   1.46999937E-02   1.46942930E-02   1.46885850E-02
   68.1713486       1.46840736E-02   1.46783805E-02   1.46727031E-02   1.46670137E-02
   68.2714462       1.46624837E-02   1.46568408E-02   1.46511802E-02   1.46455299E-02
   68.3715363       1.46409916E-02   1.46353561E-02   1.46297207E-02   1.46240899E-02
   68.4716187       1.46195414E-02   1.46139367E-02   1.46083301E-02   1.46027207E-02
   68.5717087       1.45981610E-02   1.45925805E-02   1.45869963E-02   1.45814084E-02
   68.6718063       1.45768356E-02   1.45712728E-02   1.45657193E-02   1.45601630E-02
   68.7718887       1.45555772E-02   1.45500526E-02   1.45445047E-02   1.45389754E-02
   68.8719788       1.45343840E-02   1.45288687E-02   1.45233655E-02   1.45178670E-02
   68.9720764       1.45132514E-02   1.45077612E-02   1.45022804E-02   1.44967986E-02
   69.0721664       1.44921783E-02   1.44867124E-02   1.44812502E-02   1.44757871E-02
   69.1722488       1.44711565E-02   1.44657427E-02   1.44602777E-02   1.44548463E-02
   69.2723389       1.44502157E-02   1.44447982E-02   1.44393872E-02   1.44339744E-02
   69.3724365       1.44293271E-02   1.44239292E-02   1.44185452E-02   1.44131528E-02
   69.4725189       1.44084962E-02   1.44031215E-02   1.43977702E-02   1.43923974E-02
   69.5726089       1.43877305E-02   1.43823726E-02   1.43770305E-02   1.43716857E-02
   69.6727066       1.43670142E-02   1.43616842E-02   1.43563692E-02   1.43510504E-02
   69.7727966       1.43463574E-02   1.43410619E-02   1.43357636E-02   1.43304607E-02
   69.8728790       1.43257743E-02   1.43205039E-02   1.43152196E-02   1.43099455E-02
   69.9729767       1.43052489E-02   1.42999971E-02   1.42947333E-02   1.42894806E-02
   70.0730667       1.42847700E-02   1.42795397E-02   1.42743057E-02   1.42690772E-02
   70.1731567       1.42643638E-02   1.42591344E-02   1.42539293E-02   1.42487315E-02
   70.2732391       1.42439948E-02   1.42388074E-02   1.42336218E-02   1.42284408E-02
   70.3733368       1.42237050E-02   1.42185325E-02   1.42133739E-02   1.42082050E-02
   70.4734268       1.42034572E-02   1.41983228E-02   1.41931754E-02   1.41880270E-02
   70.5735092       1.41832773E-02   1.41781624E-02   1.41730374E-02   1.41679104E-02
   70.6736069       1.41631467E-02   1.41580589E-02   1.41529515E-02   1.41478516E-02
   70.7736969       1.41430805E-02   1.41379945E-02   1.41329188E-02   1.41278515E-02
   70.8737869       1.41230756E-02   1.41180102E-02   1.41129578E-02   1.41079025E-02
   70.9738693       1.41031221E-02   1.40980734E-02   1.40930489E-02   1.40880151E-02
   71.0739670       1.40832197E-02   1.40782138E-02   1.40731921E-02   1.40681798E-02
   71.1740570       1.40633676E-02   1.40583878E-02   1.40533866E-02   1.40483975E-02
   71.2741394       1.40435928E-02   1.40386233E-02   1.40336463E-02   1.40286749E-02
   71.3742371       1.40238451E-02   1.40189072E-02   1.40139563E-02   1.40090045E-02
   71.4743271       1.40041867E-02   1.39992479E-02   1.39943194E-02   1.39893983E-02
   71.5744171       1.39845610E-02   1.39796510E-02   1.39747448E-02   1.39698405E-02
   71.6744995       1.39650060E-02   1.39601091E-02   1.39552178E-02   1.39503423E-02
   71.7745972       1.39454789E-02   1.39406165E-02   1.39357559E-02   1.39308767E-02
   71.8746872       1.39260227E-02   1.39211835E-02   1.39163397E-02   1.39114857E-02
   71.9747696       1.39066316E-02   1.39017990E-02   1.38969729E-02   1.38921347E-02
   72.0748672       1.38872741E-02   1.38824722E-02   1.38776684E-02   1.38728684E-02
   72.1749573       1.38679920E-02   1.38631938E-02   1.38584003E-02   1.38536310E-02
   72.2750473       1.38487490E-02   1.38439806E-02   1.38392141E-02   1.38344457E-02
   72.3751297       1.38295619E-02   1.38248187E-02   1.38200736E-02   1.38153108E-02
   72.4752274       1.38104251E-02   1.38056865E-02   1.38009600E-02   1.37962373E-02
   72.5753174       1.37913395E-02   1.37866428E-02   1.37819313E-02   1.37772169E-02
   72.6754074       1.37723079E-02   1.37676289E-02   1.37629267E-02   1.37582421E-02
   72.7754974       1.37533424E-02   1.37486700E-02   1.37440078E-02   1.37393298E-02
   72.8755875       1.37344170E-02   1.37297632E-02   1.37251215E-02   1.37204761E-02
   72.9756775       1.37155531E-02   1.37109151E-02   1.37062790E-02   1.37016429E-02
   73.0757599       1.36967227E-02   1.36921126E-02   1.36874979E-02   1.36828916E-02
   73.1758575       1.36779537E-02   1.36733605E-02   1.36687746E-02   1.36641832E-02
   73.2759476       1.36592351E-02   1.36546623E-02   1.36500886E-02   1.36455195E-02
   73.3760376       1.36405779E-02   1.36360135E-02   1.36314705E-02   1.36269173E-02
   73.4761276       1.36219719E-02   1.36174234E-02   1.36128915E-02   1.36083532E-02
   73.5762177       1.36033976E-02   1.35988742E-02   1.35943526E-02   1.35898506E-02
   73.6763077       1.35848783E-02   1.35803828E-02   1.35758780E-02   1.35713825E-02
   73.7763901       1.35664288E-02   1.35619389E-02   1.35574648E-02   1.35529768E-02
   73.8764877       1.35480026E-02   1.35435481E-02   1.35390731E-02   1.35346251E-02
   73.9765778       1.35296546E-02   1.35251889E-02   1.35207493E-02   1.35163041E-02
   74.0766678       1.35113336E-02   1.35069024E-02   1.35024786E-02   1.34980520E-02
   74.1767578       1.34930825E-02   1.34886662E-02   1.34842517E-02   1.34798419E-02
   74.2768478       1.34748733E-02   1.34704588E-02   1.34660760E-02   1.34616736E-02
   74.3769379       1.34566939E-02   1.34523120E-02   1.34479459E-02   1.34435762E-02
   74.4770203       1.34385703E-02   1.34342238E-02   1.34298615E-02   1.34255029E-02
   74.5771179       1.34205045E-02   1.34161627E-02   1.34118283E-02   1.34074939E-02
   74.6772079       1.34024918E-02   1.33981630E-02   1.33938473E-02   1.33895269E-02
   74.7772980       1.33845285E-02   1.33802239E-02   1.33759109E-02   1.33716138E-02
   74.8773880       1.33665996E-02   1.33623164E-02   1.33580239E-02   1.33537380E-02
   74.9774780       1.33487256E-02   1.33444583E-02   1.33401882E-02   1.33359171E-02
   75.0775681       1.33309029E-02   1.33266393E-02   1.33223906E-02   1.33181466E-02
   75.1776657       1.33131249E-02   1.33088864E-02   1.33046424E-02   1.33004067E-02
   75.2777481       1.32953823E-02   1.32911727E-02   1.32869370E-02   1.32827358E-02
   75.3778381       1.32777095E-02   1.32735008E-02   1.32693071E-02   1.32651040E-02
   75.4779282       1.32600768E-02   1.32558802E-02   1.32517051E-02   1.32475132E-02
   75.5780182       1.32424822E-02   1.32383117E-02   1.32341366E-02   1.32299671E-02
   75.6781082       1.32249361E-02   1.32207768E-02   1.32166222E-02   1.32124741E-02
   75.7781982       1.32074282E-02   1.32032996E-02   1.31991636E-02   1.31950211E-02
   75.8782959       1.31899863E-02   1.31858625E-02   1.31817516E-02   1.31776249E-02
   75.9783783       1.31725864E-02   1.31684765E-02   1.31643722E-02   1.31602827E-02
   76.0784683       1.31552201E-02   1.31511306E-02   1.31470514E-02   1.31429611E-02
   76.1785583       1.31379161E-02   1.31338360E-02   1.31297661E-02   1.31256916E-02
   76.2786484       1.31206494E-02   1.31165860E-02   1.31125189E-02   1.31084798E-02
   76.3787384       1.31034227E-02   1.30993780E-02   1.30953435E-02   1.30912978E-02
   76.4788284       1.30862361E-02   1.30822174E-02   1.30781941E-02   1.30741773E-02
   76.5789261       1.30691109E-02   1.30651072E-02   1.30610969E-02   1.30570838E-02
   76.6790085       1.30520230E-02   1.30480360E-02   1.30440416E-02   1.30400471E-02
   76.7790985       1.30349817E-02   1.30310096E-02   1.30270347E-02   1.30230552E-02
   76.8791885       1.30179869E-02   1.30140260E-02   1.30100623E-02   1.30061004E-02
   76.9792786       1.30010359E-02   1.29970787E-02   1.29931364E-02   1.29891969E-02
   77.0793686       1.29841166E-02   1.29801976E-02   1.29762553E-02   1.29723344E-02
   77.1794586       1.29672550E-02   1.29633397E-02   1.29594123E-02   1.29555119E-02
   77.2795563       1.29504427E-02   1.29465321E-02   1.29426392E-02   1.29387304E-02
   77.3796387       1.29336556E-02   1.29297720E-02   1.29258875E-02   1.29220001E-02
   77.4797287       1.29169216E-02   1.29130501E-02   1.29091898E-02   1.29053108E-02
   77.5798187       1.29002267E-02   1.28963748E-02   1.28925117E-02   1.28886569E-02
   77.6799164       1.28835803E-02   1.28797386E-02   1.28758950E-02   1.28720719E-02
   77.7799988       1.28669795E-02   1.28631601E-02   1.28593240E-02   1.28555009E-02
   77.8800888       1.28504150E-02   1.28466068E-02   1.28427949E-02   1.28389755E-02
   77.9801865       1.28338914E-02   1.28300954E-02   1.28262965E-02   1.28225116E-02
   78.0802689       1.28174201E-02   1.28136333E-02   1.28098531E-02   1.28060747E-02
   78.1803589       1.28009776E-02   1.27972160E-02   1.27934460E-02   1.27896843E-02
   78.2804489       1.27845872E-02   1.27808377E-02   1.27770836E-02   1.27733322E-02
   78.3805466       1.27682341E-02   1.27644967E-02   1.27607509E-02   1.27570229E-02
   78.4806290       1.27519285E-02   1.27482042E-02   1.27444807E-02   1.27407657E-02
   78.5807190       1.27356714E-02   1.27319526E-02   1.27282329E-02   1.27245365E-02
   78.6808167       1.27194291E-02   1.27157448E-02   1.27120409E-02   1.27083501E-02
   78.7808990       1.27032492E-02   1.26995752E-02   1.26958881E-02   1.26922056E-02
   78.8809891       1.26871103E-02   1.26834428E-02   1.26797725E-02   1.26761077E-02
   78.9810791       1.26710059E-02   1.26673551E-02   1.26636969E-02   1.26600489E-02
   79.0811768       1.26549378E-02   1.26512945E-02   1.26476623E-02   1.26440171E-02
   79.1812592       1.26389163E-02   1.26352981E-02   1.26316687E-02   1.26280328E-02
   79.2813492       1.26229413E-02   1.26193343E-02   1.26157217E-02   1.26121072E-02
   79.3814468       1.26070017E-02   1.26034040E-02   1.25998026E-02   1.25962039E-02
   79.4815292       1.25911022E-02   1.25875194E-02   1.25839328E-02   1.25803472E-02
   79.5816193       1.25752492E-02   1.25716794E-02   1.25681041E-02   1.25645334E-02
   79.6817093       1.25594251E-02   1.25558721E-02   1.25523088E-02   1.25487503E-02
   79.7818069       1.25436410E-02   1.25401011E-02   1.25365490E-02   1.25330100E-02
   79.8818893       1.25279026E-02   1.25243682E-02   1.25208376E-02   1.25173107E-02
   79.9819794       1.25122052E-02   1.25086932E-02   1.25051644E-02   1.25016542E-02
   80.0820770       1.24965394E-02   1.24930320E-02   1.24895303E-02   1.24860285E-02
   80.1821671       1.24809220E-02   1.24774240E-02   1.24739287E-02   1.24704419E-02
   80.2822495       1.24653364E-02   1.24618532E-02   1.24583766E-02   1.24549009E-02
   80.3823395       1.24497944E-02   1.24463262E-02   1.24428561E-02   1.24393916E-02
   80.4824371       1.24342795E-02   1.24308299E-02   1.24273794E-02   1.24239260E-02
   80.5825195       1.24188205E-02   1.24153765E-02   1.24119325E-02   1.24084922E-02
   80.6826096       1.24033885E-02   1.23999612E-02   1.23965377E-02   1.23931086E-02
   80.7827072       1.23880040E-02   1.23845842E-02   1.23811690E-02   1.23777501E-02
   80.8827972       1.23726455E-02   1.23692425E-02   1.23658376E-02   1.23624392E-02
   80.9828796       1.23573346E-02   1.23539334E-02   1.23505518E-02   1.23471664E-02
   81.0829773       1.23420535E-02   1.23386737E-02   1.23353032E-02   1.23319253E-02
   81.1830673       1.23268180E-02   1.23234512E-02   1.23200882E-02   1.23167206E-02
   81.2831497       1.23116104E-02   1.23082642E-02   1.23049160E-02   1.23015605E-02
   81.3832397       1.22964522E-02   1.22931153E-02   1.22897653E-02   1.22864358E-02
   81.4833374       1.22813210E-02   1.22780036E-02   1.22746760E-02   1.22713456E-02
   81.5834274       1.22662317E-02   1.22629246E-02   1.22596025E-02   1.22562889E-02
   81.6835098       1.22511871E-02   1.22478819E-02   1.22445794E-02   1.22412778E-02
   81.7836075       1.22361742E-02   1.22328782E-02   1.22295870E-02   1.22262994E-02
   81.8836975       1.22211911E-02   1.22179110E-02   1.22146308E-02   1.22113582E-02
   81.9837799       1.22062517E-02   1.22029828E-02   1.21997185E-02   1.21964524E-02
   82.0838699       1.21913524E-02   1.21880919E-02   1.21848378E-02   1.21815782E-02
   82.1839676       1.21764792E-02   1.21732298E-02   1.21699907E-02   1.21667497E-02
   82.2840576       1.21616432E-02   1.21584143E-02   1.21551799E-02   1.21519547E-02
   82.3841400       1.21468436E-02   1.21436268E-02   1.21404082E-02   1.21371876E-02
   82.4842377       1.21320840E-02   1.21288802E-02   1.21256746E-02   1.21224634E-02
   82.5843277       1.21173598E-02   1.21141691E-02   1.21109681E-02   1.21077728E-02
   82.6844101       1.21026719E-02   1.20994970E-02   1.20962979E-02   1.20931175E-02
   82.7845001       1.20880185E-02   1.20848557E-02   1.20816818E-02   1.20785050E-02
   82.8845978       1.20734097E-02   1.20702432E-02   1.20670814E-02   1.20639205E-02
   82.9846878       1.20588234E-02   1.20556708E-02   1.20525239E-02   1.20493714E-02
   83.0847702       1.20442742E-02   1.20411403E-02   1.20379925E-02   1.20348604E-02
   83.1848679       1.20297577E-02   1.20266322E-02   1.20235058E-02   1.20203793E-02
   83.2849579       1.20152859E-02   1.20121716E-02   1.20090470E-02   1.20059326E-02
   83.3850479       1.20008476E-02   1.19977361E-02   1.19946264E-02   1.19915279E-02
   83.4851303       1.19864326E-02   1.19833453E-02   1.19802570E-02   1.19771557E-02
   83.5852280       1.19720632E-02   1.19689824E-02   1.19658979E-02   1.19628236E-02
   83.6853180       1.19577292E-02   1.19546559E-02   1.19515872E-02   1.19485082E-02
   83.7854004       1.19434195E-02   1.19403647E-02   1.19373007E-02   1.19342366E-02
   83.8854980       1.19291488E-02   1.19261043E-02   1.19230459E-02   1.19199976E-02
   83.9855881       1.19149126E-02   1.19118746E-02   1.19088357E-02   1.19057959E-02
   84.0856781       1.19007127E-02   1.18976785E-02   1.18946591E-02   1.18916305E-02
   84.1857605       1.18865483E-02   1.18835308E-02   1.18805151E-02   1.18774958E-02
   84.2858582       1.18724089E-02   1.18694035E-02   1.18663944E-02   1.18633835E-02
   84.3859482       1.18583087E-02   1.18553191E-02   1.18523203E-02   1.18493214E-02
   84.4860306       1.18442448E-02   1.18412636E-02   1.18382759E-02   1.18352855E-02
   84.5861282       1.18302051E-02   1.18272314E-02   1.18242605E-02   1.18212821E-02
   84.6862183       1.18162008E-02   1.18132411E-02   1.18102776E-02   1.18073160E-02
   84.7863083       1.18022365E-02   1.17992833E-02   1.17963282E-02   1.17933853E-02
   84.8863907       1.17883030E-02   1.17853619E-02   1.17824227E-02   1.17794769E-02
   84.9864883       1.17744049E-02   1.17714703E-02   1.17685338E-02   1.17656076E-02
   85.0865784       1.17605310E-02   1.17576094E-02   1.17546963E-02   1.17517645E-02
   85.1866608       1.17467046E-02   1.17437858E-02   1.17408782E-02   1.17379641E-02
   85.2867584       1.17328977E-02   1.17299939E-02   1.17270891E-02   1.17241917E-02
   85.3868484       1.17191197E-02   1.17162336E-02   1.17133353E-02   1.17104463E-02
   85.4869385       1.17053818E-02   1.17025021E-02   1.16996216E-02   1.16967391E-02
   85.5870209       1.16916737E-02   1.16888061E-02   1.16859376E-02   1.16830636E-02
   85.6871185       1.16780000E-02   1.16751362E-02   1.16722835E-02   1.16694244E-02
   85.7872086       1.16643570E-02   1.16615109E-02   1.16586592E-02   1.16558066E-02
   85.8872986       1.16507541E-02   1.16479043E-02   1.16450675E-02   1.16422251E-02
   85.9873886       1.16371708E-02   1.16343331E-02   1.16315139E-02   1.16286818E-02
   86.0874786       1.16236228E-02   1.16208056E-02   1.16179781E-02   1.16151599E-02
   86.1875687       1.16101047E-02   1.16072893E-02   1.16044767E-02   1.16016725E-02
   86.2876511       1.15966219E-02   1.15938215E-02   1.15910172E-02   1.15882196E-02
   86.3877487       1.15831634E-02   1.15803722E-02   1.15775866E-02   1.15747890E-02
   86.4878387       1.15697403E-02   1.15669621E-02   1.15641775E-02   1.15614003E-02
   86.5879288       1.15563609E-02   1.15535790E-02   1.15508121E-02   1.15480404E-02
   86.6880188       1.15429917E-02   1.15402276E-02   1.15374662E-02   1.15347095E-02
   86.7881088       1.15296664E-02   1.15269143E-02   1.15241613E-02   1.15214037E-02
   86.8881989       1.15163717E-02   1.15136188E-02   1.15108797E-02   1.15081416E-02
   86.9882889       1.15030976E-02   1.15003642E-02   1.14976345E-02   1.14949001E-02
   87.0883789       1.14898663E-02   1.14871291E-02   1.14844125E-02   1.14816874E-02
   87.1884689       1.14766480E-02   1.14739407E-02   1.14712240E-02   1.14685111E-02
   87.2885590       1.14634885E-02   1.14607727E-02   1.14580654E-02   1.14553580E-02
   87.3886490       1.14503279E-02   1.14476364E-02   1.14449393E-02   1.14422375E-02
   87.4887390       1.14372130E-02   1.14345308E-02   1.14318496E-02   1.14291543E-02
   87.5888290       1.14241317E-02   1.14214607E-02   1.14187784E-02   1.14161000E-02
   87.6889191       1.14110755E-02   1.14084026E-02   1.14057362E-02   1.14030726E-02
   87.7890091       1.13980472E-02   1.13953892E-02   1.13927256E-02   1.13900686E-02
   87.8890991       1.13850534E-02   1.13824047E-02   1.13797495E-02   1.13770971E-02
   87.9891891       1.13720819E-02   1.13694463E-02   1.13668013E-02   1.13641554E-02
   88.0892792       1.13591431E-02   1.13565121E-02   1.13538792E-02   1.13512436E-02
   88.1893692       1.13462387E-02   1.13436170E-02   1.13409916E-02   1.13383699E-02
   88.2894592       1.13333575E-02   1.13307452E-02   1.13281300E-02   1.13255205E-02
   88.3895569       1.13205137E-02   1.13179088E-02   1.13153039E-02   1.13126915E-02
   88.4896393       1.13077015E-02   1.13051059E-02   1.13025028E-02   1.12999035E-02
   88.5897293       1.12949032E-02   1.12923114E-02   1.12897241E-02   1.12871360E-02
   88.6898193       1.12821367E-02   1.12795588E-02   1.12769771E-02   1.12744048E-02
   88.7899094       1.12694101E-02   1.12668304E-02   1.12642543E-02   1.12616858E-02
   88.8899994       1.12567041E-02   1.12541309E-02   1.12515716E-02   1.12490105E-02
   88.9900894       1.12440195E-02   1.12414658E-02   1.12389186E-02   1.12363594E-02
   89.0901871       1.12313759E-02   1.12288333E-02   1.12262880E-02   1.12237409E-02
   89.1902695       1.12187564E-02   1.12162260E-02   1.12136835E-02   1.12111513E-02
   89.2903595       1.12061715E-02   1.12036429E-02   1.12011116E-02   1.11985868E-02
   89.3904495       1.11936098E-02   1.11910915E-02   1.11885658E-02   1.11860428E-02
   89.4905396       1.11810695E-02   1.11785615E-02   1.11760469E-02   1.11735379E-02
   89.5906296       1.11685628E-02   1.11660557E-02   1.11635551E-02   1.11610563E-02
   89.6907196       1.11560868E-02   1.11535965E-02   1.11510912E-02   1.11485999E-02
   89.7908173       1.11436332E-02   1.11411465E-02   1.11386571E-02   1.11361733E-02
   89.8908997       1.11312158E-02   1.11287376E-02   1.11262565E-02   1.11237802E-02
   89.9909897       1.11188181E-02   1.11163445E-02   1.11138755E-02   1.11114122E-02
   90.0910797       1.11064501E-02   1.11039951E-02   1.11015346E-02   1.10990666E-02
   90.1911697       1.10941110E-02   1.10916579E-02   1.10892057E-02   1.10867508E-02
   90.2912598       1.10817971E-02   1.10793468E-02   1.10769114E-02   1.10744610E-02
   90.3913498       1.10695120E-02   1.10670691E-02   1.10646347E-02   1.10622002E-02
   90.4914474       1.10572577E-02   1.10548260E-02   1.10523980E-02   1.10499654E-02
   90.5915298       1.10450275E-02   1.10426061E-02   1.10401819E-02   1.10377613E-02
   90.6916199       1.10328244E-02   1.10304039E-02   1.10279936E-02   1.10255806E-02
   90.7917099       1.10206436E-02   1.10182390E-02   1.10158287E-02   1.10134296E-02
   90.8918076       1.10084945E-02   1.10060927E-02   1.10037085E-02   1.10013038E-02
   90.9918900       1.09963715E-02   1.09939864E-02   1.09915938E-02   1.09892022E-02
   91.0919800       1.09842801E-02   1.09818960E-02   1.09795183E-02   1.09771313E-02
   91.1920776       1.09722102E-02   1.09698251E-02   1.09674586E-02   1.09650856E-02
   91.2921600       1.09601580E-02   1.09577971E-02   1.09554259E-02   1.09530594E-02
   91.3922501       1.09481420E-02   1.09457858E-02   1.09434240E-02   1.09410761E-02
   91.4923401       1.09361485E-02   1.09338043E-02   1.09314546E-02   1.09290965E-02
   91.5924377       1.09241866E-02   1.09218424E-02   1.09195011E-02   1.09171644E-02
   91.6925201       1.09122526E-02   1.09099103E-02   1.09075783E-02   1.09052481E-02
   91.7926102       1.09003345E-02   1.08980164E-02   1.08956881E-02   1.08933607E-02
   91.8927078       1.08884517E-02   1.08861271E-02   1.08838156E-02   1.08814994E-02
   91.9927902       1.08765978E-02   1.08742798E-02   1.08719720E-02   1.08696604E-02
   92.0928802       1.08647626E-02   1.08624520E-02   1.08601488E-02   1.08578401E-02
   92.1929779       1.08529488E-02   1.08506503E-02   1.08483536E-02   1.08460579E-02
   92.2930679       1.08411685E-02   1.08388746E-02   1.08365836E-02   1.08342962E-02
   92.3931503       1.08294031E-02   1.08271223E-02   1.08248452E-02   1.08225625E-02
   92.4932404       1.08176796E-02   1.08154034E-02   1.08131273E-02   1.08108493E-02
   92.5933380       1.08059626E-02   1.08037004E-02   1.08014308E-02   1.07991723E-02
   92.6934204       1.07942969E-02   1.07920272E-02   1.07897753E-02   1.07875094E-02
   92.7935104       1.07826311E-02   1.07803782E-02   1.07781291E-02   1.07758744E-02
   92.8936081       1.07710017E-02   1.07687619E-02   1.07665127E-02   1.07642626E-02
   92.9936981       1.07593965E-02   1.07571548E-02   1.07549233E-02   1.07526788E-02
   93.0937805       1.07478183E-02   1.07455878E-02   1.07433544E-02   1.07411174E-02
   93.1938705       1.07362615E-02   1.07340319E-02   1.07318135E-02   1.07295830E-02
   93.2939682       1.07247299E-02   1.07225105E-02   1.07202921E-02   1.07180709E-02
   93.3940582       1.07132168E-02   1.07110087E-02   1.07087987E-02   1.07065942E-02
   93.4941406       1.07017420E-02   1.06995385E-02   1.06973350E-02   1.06951287E-02
   93.5942383       1.06902858E-02   1.06880860E-02   1.06858909E-02   1.06836939E-02
   93.6943283       1.06788455E-02   1.06766606E-02   1.06744776E-02   1.06722834E-02
   93.7944107       1.06674358E-02   1.06652593E-02   1.06630800E-02   1.06609017E-02
   93.8945007       1.06560625E-02   1.06538916E-02   1.06517114E-02   1.06495330E-02
   93.9945984       1.06446976E-02   1.06425313E-02   1.06403688E-02   1.06381960E-02
   94.0946884       1.06333606E-02   1.06312009E-02   1.06290365E-02   1.06268832E-02
   94.1947708       1.06220469E-02   1.06199067E-02   1.06177460E-02   1.06155900E-02
   94.2948685       1.06107639E-02   1.06086209E-02   1.06064696E-02   1.06043313E-02
   94.3949585       1.05994996E-02   1.05973631E-02   1.05952220E-02   1.05930837E-02
   94.4950409       1.05882632E-02   1.05861351E-02   1.05840014E-02   1.05818650E-02
   94.5951309       1.05770500E-02   1.05749192E-02   1.05727920E-02   1.05706677E-02
   94.6952286       1.05658574E-02   1.05637349E-02   1.05616124E-02   1.05594955E-02
   94.7953186       1.05546871E-02   1.05525758E-02   1.05504636E-02   1.05483504E-02
   94.8954010       1.05435504E-02   1.05414446E-02   1.05393324E-02   1.05372258E-02
   94.9954987       1.05324201E-02   1.05303228E-02   1.05282236E-02   1.05261216E-02
   95.0955887       1.05213244E-02   1.05192354E-02   1.05171409E-02   1.05150491E-02
   95.1956711       1.05102584E-02   1.05081676E-02   1.05060805E-02   1.05039980E-02
   95.2957611       1.04992008E-02   1.04971267E-02   1.04950489E-02   1.04929646E-02
   95.3958588       1.04881758E-02   1.04860999E-02   1.04840249E-02   1.04819583E-02
   95.4959488       1.04771703E-02   1.04750982E-02   1.04730334E-02   1.04709687E-02
   95.5960312       1.04661919E-02   1.04641328E-02   1.04620652E-02   1.04600079E-02
   95.6961288       1.04552275E-02   1.04531776E-02   1.04511222E-02   1.04490658E-02
   95.7962189       1.04442984E-02   1.04422504E-02   1.04402024E-02   1.04381572E-02
   95.8963013       1.04333889E-02   1.04313409E-02   1.04293013E-02   1.04272645E-02
   95.9963913       1.04225036E-02   1.04204575E-02   1.04184244E-02   1.04163932E-02
   96.0964890       1.04116285E-02   1.04096020E-02   1.04075670E-02   1.04055414E-02
   96.1965790       1.04007795E-02   1.03987623E-02   1.03967413E-02   1.03947232E-02
   96.2966614       1.03899650E-02   1.03879524E-02   1.03859305E-02   1.03839170E-02
   96.3967590       1.03791654E-02   1.03771547E-02   1.03751449E-02   1.03731416E-02
   96.4968491       1.03683854E-02   1.03663802E-02   1.03643769E-02   1.03623718E-02
   96.5969391       1.03576314E-02   1.03556346E-02   1.03536379E-02   1.03516411E-02
   96.6970215       1.03469007E-02   1.03449095E-02   1.03429193E-02   1.03409216E-02
   96.7971191       1.03361923E-02   1.03342012E-02   1.03322258E-02   1.03302337E-02
   96.8972092       1.03254989E-02   1.03235263E-02   1.03215436E-02   1.03195701E-02
   96.9972916       1.03148399E-02   1.03128618E-02   1.03108957E-02   1.03089204E-02
   97.0973892       1.03041884E-02   1.03022205E-02   1.03002582E-02   1.02983015E-02
   97.1974792       1.02935722E-02   1.02916034E-02   1.02896504E-02   1.02876937E-02
   97.2975693       1.02829738E-02   1.02810096E-02   1.02790641E-02   1.02771055E-02
   97.3976517       1.02723939E-02   1.02704493E-02   1.02684982E-02   1.02665508E-02
   97.4977493       1.02618346E-02   1.02598974E-02   1.02579547E-02   1.02560110E-02
   97.5978394       1.02513069E-02   1.02493661E-02   1.02474270E-02   1.02454918E-02
   97.6979218       1.02407904E-02   1.02388645E-02   1.02369273E-02   1.02350060E-02
   97.7980194       1.02303037E-02   1.02283731E-02   1.02264490E-02   1.02245249E-02
   97.8981094       1.02198301E-02   1.02179125E-02   1.02159958E-02   1.02140708E-02
   97.9981995       1.02093751E-02   1.02074686E-02   1.02055585E-02   1.02036456E-02
   98.0982895       1.01989536E-02   1.01970555E-02   1.01951398E-02   1.01932352E-02
   98.1983795       1.01885488E-02   1.01866461E-02   1.01847434E-02   1.01828501E-02
   98.2984695       1.01781636E-02   1.01762675E-02   1.01743741E-02   1.01724705E-02
   98.3985519       1.01678027E-02   1.01659130E-02   1.01640224E-02   1.01621319E-02
   98.4986496       1.01574566E-02   1.01555735E-02   1.01536857E-02   1.01518109E-02
   98.5987396       1.01471376E-02   1.01452600E-02   1.01433797E-02   1.01415049E-02
   98.6988297       1.01368390E-02   1.01349633E-02   1.01330942E-02   1.01312203E-02
   98.7989197       1.01265591E-02   1.01246899E-02   1.01228254E-02   1.01209600E-02
   98.8990097       1.01162987E-02   1.01144416E-02   1.01125818E-02   1.01107173E-02
   98.9990997       1.01060588E-02   1.01042073E-02   1.01023484E-02   1.01004988E-02
   99.0991898       1.00958422E-02   1.00939944E-02   1.00921448E-02   1.00902952E-02
   99.1992798       1.00856470E-02   1.00838002E-02   1.00819543E-02   1.00801177E-02
   99.2993698       1.00754704E-02   1.00736311E-02   1.00717954E-02   1.00699542E-02
   99.3994598       1.00653199E-02   1.00634797E-02   1.00616496E-02   1.00598140E-02
   99.4995499       1.00551788E-02   1.00533552E-02   1.00515317E-02   1.00497017E-02
   99.5996399       1.00450674E-02   1.00432495E-02   1.00414222E-02   1.00396043E-02
   99.6997299       1.00349765E-02   1.00331595E-02   1.00313434E-02   1.00295227E-02
   99.7998199       1.00249033E-02   1.00230863E-02   1.00212786E-02   1.00194635E-02
   99.8999100       1.00148460E-02   1.00130364E-02   1.00112371E-02   1.00094359E-02
   100.000000       1.00048119E-02   1.00030135E-02   1.00012124E-02   9.99940932E-03
